5931.0
4666.0
4666.0
4666.0
3666.0
3666.0
2905.0
2361.0
2361.0
2008.0
1824.0
1824.0
1723.0
1723.0
2905.0
4666.0
5931.0
5931.0
4666.0
4666.0
3666.0
3666.0
2905.0
2361.0
2008.0
1824.0
1723.0
1723.0
1621.0
1520.0
1419.0
1419.0
1317.0
1317.0
1216.0
1216.0
1317.0
1824.0
2905.0
3666.0
4666.0
4666.0
3666.0
3666.0
2905.0
2905.0
2361.0
2361.0
2008.0
1824.0
1723.0
1621.0
1520.0
1419.0
1317.0
1216.0
1216.0
1115.0
1115.0
1013.0
912.0
912.0
912.0
912.0
811.0
811.0
811.0
709.0
709.0
811.0
811.0
811.0
811.0
709.0
709.0
709.0
608.0
608.0
608.0
608.0
507.0
507.0
507.0
507.0
405.0
405.0
405.0
405.0
405.0
405.0
405.0
405.0
405.0
405.0
507.0
507.0
507.0
507.0
507.0
507.0
405.0
405.0
405.0
405.0
405.0
405.0
507.0
608.0
608.0
608.0
608.0
507.0
507.0
507.0
507.0
507.0
507.0
507.0
507.0
507.0
405.0
405.0
405.0
